22.2934543
22.294687
22.294860
22.294833
22.294996
22.294475
22.2930771
22.294064
22.292985
22.292348
22.291632
22.289775
22.289775
22.289502
22.2891625
22.2887066
22.2886791
22.2885567
22.2885567
22.292040
22.292275
22.294657
22.295230
22.292705
22.292104
22.2916792
22.2916578
22.2917673
22.2915778
22.2925844
22.2925844
22.2925844
22.2925844
22.2918393
22.2909936
22.290917
22.2909936
22.291329
22.2906809
22.29045
22.29045
22.2907423
22.2901199
22.2929192
22.292780
22.293130
22.2944962
22.293513
22.2932647
22.2938346
22.2953593
22.2904401
22.2904513
22.2899946
22.2900679
22.2900679
22.2898396
22.2900308
22.2899946
22.2898246
22.2897167
22.2898246
22.2893706
22.2886582
22.2887997
22.2885564
22.2886582
22.2880228
22.2874694
22.287590
22.2882678
22.2881744
22.2882656
22.295074
22.2886998
22.2881923
22.292490
22.293806
22.291219
22.291229
22.2910916
22.2911574
22.2899946
22.2891119
22.289075
22.289075
22.289075
22.2893979
22.2893979
22.2893979
22.2893979
22.2893789
