73.3582693
73.359005
73.359306
73.359817
73.362219
73.362201
73.3588218
73.362699
73.362021
73.362926
73.363103
73.3618631
73.3618631
73.3617759
73.3620821
73.3622111
73.362603
73.3628444
73.3628444
73.364619
73.363475
73.364913
73.365002
73.365171
73.365357
73.3654188
73.3657255
73.3660881
73.3660574
73.3662395
73.3662395
73.3662395
73.3662395
73.3657555
73.3649369
73.365082
73.3649369
73.3641642
73.3649101
73.3653776
73.3653776
73.3658274
73.3658721
73.3674081
73.368305
73.368161
73.3677386
73.368318
73.3675602
73.3679402
73.366623
73.36478
73.3643844
73.3648243
73.364603
73.364603
73.3649957
73.365204
73.3648243
73.3638681
73.364367
73.3638681
73.3635637
73.363734
73.3639405
73.3636749
73.363734
73.3630661
73.3646298
73.364370
73.3627212
73.363454
73.3654859
73.364436
73.3647658
73.3650269
73.364584
73.365790
73.364966
73.365015
73.3647089
73.3647921
73.3648243
73.3612145
73.3648997
73.3648997
73.3648997
73.3650361
73.3650361
73.3650361
73.3650361
73.3652097
